k_Init k_Turn N_R N_I Davg Dstd TimeAvg TimeStd AvFNR StdFNR AvFPR StdFPR FN stdFN FP std FP
1 0 0 5 1.0 0.0 0.0014479057199994828 0.000564632473257367 0.0 0.0 0.8720085470085471 0.05796233105362725 1.786666666666667 0.7915105109149777 0.0 0.0
1 0 1 4 1.0 0.0 0.005617753229998641 0.002347250689916522 0.0049017094017094025 0.017353737947808107 0.6987008547008547 0.3532245428762222 0.75 0.5815448774122634 0.35 0.18371173070873836
1 0 2 3 1.0 0.0 0.011043745659999899 0.006396795583589908 0.024411111111111113 0.0430953655176578 0.5317269841269843 0.4359659199247722 0.37210000000000004 0.43906595544669963 0.53265 0.07337172015280695
1 0 3 2 1.0 0.0 0.023862625920000654 0.021779703169078953 0.035829304029304024 0.04748777087040905 0.3579864468864469 0.43925588785432607 0.20462820512820512 0.33758096868866266 0.6351379287379286 0.066898980118751
1 0 4 1 1.0 0.0 0.015412406569999745 0.011587171172581089 0.0759563734403962 0.04860570286722948 0.17555762962203192 0.3516682328805967 0.15294117647058822 0.30588235294117644 0.6794298642533937 0.20297107706098927
1 0 5 0 0.0 0.0 0.03017576961999822 0.015515312232357603 0.0848216306896273 0.03161074642939977 0.0 0.0 0.0 0.0 0.800701754385965 0.041063126563727154
2 0 0 5 1.0 0.0 0.005867511760004618 0.0033475460977407064 0.0 0.0 0.8717142857142858 0.039109822695743805 0.3772421052631579 0.18752624288289713 0.05015438596491228 0.02611327079599811
2 0 1 4 0.0 0.0 0.04957683555999779 0.0452132131934557 0.01595396825396825 0.03429283799450418 0.697237142857143 0.3503910710546574 0.19927719298245614 0.22792350382299822 0.4984561403508772 0.17261019693569774
2 0 2 3 0.0 0.0 0.045179367970006296 0.03429982596113879 0.028933333333333332 0.03858912703888989 0.5208095238095238 0.42624001042283766 0.14727719298245615 0.20873192375056845 0.6406385964912281 0.1477123503804242
2 0 3 2 0.0 0.0 0.03559695512000644 0.023655804215379102 0.048228571428571426 0.044858292709287755 0.3500647619047619 0.4294380944735039 0.18557894736842104 0.2309640400833739 0.5884561403508772 0.28800169923577923
2 0 4 1 0.0 0.0 0.040737291940001794 0.02166553581883992 0.06237968253968254 0.04145421329429408 0.17319142857142855 0.34679254687202604 0.10526315789473685 0.21052631578947367 0.7585964912280704 0.11897582850539085
2 0 5 0 0.0 0.0 0.09615737402002651 0.6583631617688832 0.08111111111111112 0.027967154906967655 0.0 0.0 0.0 0.0 0.8007017543859649 0.04106312656372716
3 0 0 5 1.0 0.0 0.004239938400005485 0.002223444679900221 0.0 0.0 0.8481269841269842 0.04527761014395189 0.4168421052631579 0.18099822383916703 0.04941052631578947 0.02663323758790256
3 0 1 4 0.0 0.0 0.05098553060998711 0.0404197990673232 0.01356984126984127 0.02925987585580297 0.6764034920634919 0.3404897611176453 0.086625 0.1040020282254149 0.5933684210526314 0.12055050607623119
3 0 2 3 0.0 0.0 0.03806278620998455 0.024340332526673752 0.0322275960170697 0.04428599407987725 0.5100412288517553 0.418035941920413 0.1395 0.15240488837304397 0.4554934210526316 0.26275975432987947
3 0 3 2 0.0 0.0 0.038161892310008626 0.022028826241773887 0.0437283176756861 0.03910412837109959 0.3422927974822711 0.42031626064783145 0.15570394736842105 0.2100250622947116 0.5915197368421053 0.29744326746417465
3 0 4 1 0.0 0.0 0.03669098240000949 0.021093141355765545 0.060302596407859566 0.042407813839975786 0.16939573465889254 0.33945952510865746 0.05 0.10000000000000002 0.6723684210526314 0.22067048735370043
3 0 5 0 0.0 0.0 0.03211694434001402 0.012507170638294788 0.08195749248380828 0.03175223941225344 0.0 0.0 0.0 0.0 0.7973684210526314 0.04978311687471742
4 0 0 5 1.0 0.0 0.004235577930039654 0.0021076607777240817 0.0 0.0 0.8281887671361355 0.05201522885768272 0.3993421052631579 0.18268399445012923 0.037 0.030716445106815336
4 0 1 4 0.0 0.0 0.047823155509968275 0.04338970473081902 0.012436408067987017 0.025662055956245374 0.6633232707548498 0.3349874743603594 0.12298684210526316 0.1637662898158696 0.6005986842105262 0.15264573139355433
4 0 2 3 0.22 0.41424630354415964 0.0579797787699863 0.02910919044678773 0.030546688967741598 0.04066423757228302 0.5029586127480864 0.4121909954602086 0.07490402476780185 0.1487813849480163 0.6672074303405573 0.2022336412368187
