k_Init k_Turn N_R N_I Davg Dstd TimeAvg TimeStd AvFNR StdFNR AvFPR StdFPR FN stdFN FP std FP
1 0 0 5 1.0 0.0 0.0015355602000272483 0.0006219182504805463 0.0 0.0 0.8476190476190475 0.0574150264370833 1.2366666666666668 0.6373905134740137 0.0 0.0
1 0 1 4 1.0 0.0 0.003404273850210302 0.0019173334143438843 0.015529761904761906 0.043786071540400186 0.6780833333333333 0.3429232366436528 0.7166666666666668 0.5953523699830584 0.1733333333333333 0.092255683353987
1 0 2 3 0.0 0.0 0.009736293700007082 0.006026008994925007 0.025866666666666666 0.04798667639158927 0.5132749999999999 0.4224732687021241 0.23642857142857143 0.290444572830379 0.5463095238095238 0.07576415323950882
1 0 3 2 0.0 0.0 0.012401115599896002 0.00880705332814822 0.04956117913832199 0.05862633656056071 0.343961283764968 0.4229973555148879 0.21111111111111114 0.25915341754868 0.5401523809523809 0.2517215724221421
1 0 4 1 0.97 0.17058722109231983 0.02386085763988376 0.011226794391528246 0.06871428571428571 0.06571417972977749 0.17431972789115646 0.3494315679406839 0.08365151515151516 0.16736016804904066 0.6972251803751803 0.10742988297885323
1 0 5 0 0.0 0.0 0.024108552040270296 0.014617020352842092 0.07913249697408552 0.04391773143862693 0.0 0.0 0.0 0.0 0.7923076923076924 0.10700329033264273
2 0 0 5 1.0 0.0 0.0014356860100087942 0.0005449427057664131 0.0 0.0 0.8491156750834797 0.03487979507922427 0.36666666666666664 0.20081196126471712 0.0 0.0
2 0 1 4 0.0 0.0 0.027191698429996903 0.02412521019525816 0.017669754568938892 0.03797322964385428 0.6794403655412675 0.3411390334699418 0.1782179487179487 0.1639916988285722 0.4049487179487179 0.1865614154526605
2 0 2 3 0.02 0.19899748742132398 0.04235268268006621 0.0317875539243463 0.038362945284830405 0.05355865240176969 0.5090604835010774 0.41651140098535033 0.03833333333333333 0.05044248650140518 0.7850857142857144 0.06383378643202543
2 0 3 2 0.0 0.0 0.022038238609929976 0.019558600459073275 0.05989268680445151 0.05344393778531282 0.3392679738562092 0.4161414209429398 0.02857142857142857 0.05714285714285714 0.590952380952381 0.23085368534264553
2 0 4 1 0.0 0.0 0.023000195100030395 0.017224651759994408 0.07734777915170074 0.05609521290356556 0.16965015996388544 0.3396462564429366 0.05333333333333334 0.10666666666666667 0.7042857142857144 0.2277385619690037
2 0 5 0 0.0 0.0 0.020475464049886795 0.0127349426894156 0.094797738915386 0.032955950407379864 0.0 0.0 0.0 0.0 0.8242857142857144 0.08939707341235438
3 0 0 5 1.0 0.0 0.0015314119499089428 0.0005573142689710824 0.0 0.0 0.8251928398987223 0.03836873695887505 0.30952380952380953 0.1656431155326294 0.0 0.0
3 0 1 4 0.0 0.0 0.03503079568999965 0.03313181543984182 0.0188045398339516 0.03960970646312162 0.6599206559500678 0.3317527050201323 0.04804761904761903 0.08085139359222565 0.6925976190476191 0.16414518004006542
3 0 2 3 0.08 0.39191835884530857 0.043496288689966606 0.04569526610619305 0.040037606233684665 0.05602976636335131 0.49552985338279454 0.40568585776375266 0.04017857142857143 0.061717752098049396 0.7702083333333333 0.1254665944363058
3 0 3 2 0.0 0.0 0.02564800873016793 0.0204821964417906 0.06240278623936975 0.0550801583796083 0.3337763494602159 0.4093032629494005 0.075375 0.10053691797046496 0.6065694444444446 0.305464497479951
3 0 4 1 0.0 0.0 0.027734962110007474 0.019775041698083525 0.08550451751417597 0.04925108647563357 0.16566757411428892 0.33160410422668546 0.050125 0.10028856801749639 0.7054305555555554 0.2368822452392072
3 0 5 0 0.0 0.0 0.021910703480170924 0.014886086542789929 0.10205699618329915 0.020805145972186773 0.0 0.0 0.0 0.0 0.8430555555555557 0.07961617026648063
4 0 0 5 0.0 0.0 0.008723482419882203 0.005077734954711054 0.0 0.0 0.8126707959179622 0.03272925001260703 0.22638888888888886 0.1530048817102268 0.061111111111111116 0.03962595171579751
4 0 1 4 0.16 0.5425863986500213 0.053501333089843686 0.046447811021933225 0.01990388445501749 0.04163695098645682 0.6497520289181625 0.32626312589560663 0.042597222222222224 0.06439565172757983 0.6568194444444445 0.1713316011540555
4 0 2 3 0.0 0.0 0.024117395989887883 0.02027498896124835 0.04226758304849022 0.05448694665653541 0.4856431294232778 0.39723966270458316 0.10568055555555557 0.12974602669408122 0.454625 0.2683138547536779
4 0 3 2 0.0 0.0 0.021256158640135255 0.019002488671505603 0.059435936184922634 0.05086201258059307 0.32511938065754215 0.3988353140334219 0.08388888888888889 0.1143371935424361 0.5785555555555557 0.2903112234852133
4 0 4 1 0.0 0.0 0.023552690579854242 0.018439569207737355 0.08340608355023799 0.04824328025009625 0.16158091157000434 0.3234771505606095 0.050375 0.10086276257866429 0.7291805555555556 0.25588803063191334
4 0 5 0 0.0 0.0 0.021509525679939544 0.012326462890398623 0.09985336600746252 0.033824763557693975 0.0 0.0 0.0 0.0 0.8180555555555556 0.09382969863363631
5 0 0 5 2.0 0.0 0.011675956809995114 0.003461881099766592 0.0 0.0 0.7885043832875397 0.034398176104880086 0.2763888888888889 0.14734009955973154 0.05 0.025
5 0 1 4 0.12 0.47497368348151675 0.04871622683989699 0.04786624468410014 0.019476178227640435 0.04043574825915913 0.6391063260176759 0.321993668592482 0.028930555555555553 0.0625040291911126 0.7051944444444445 0.21047552532125738
5 0 2 3 0.0 0.0 0.04022982492002484 0.03398132735167771 0.0382500439798939 0.04994379465079842 0.4724896168119803 0.3867336405986949 0.05876388888888889 0.11509367745905673 0.7695 0.1870002516998372
5 0 3 2 0.0 0.0 0.0285023742199337 0.022072659259504735 0.06457553931287321 0.05687330837859966 0.31720566895806096 0.3888082766146516 0.08055555555555557 0.10985399962936215 0.6060555555555557 0.3151711469215605
5 0 4 1 0.0 0.0 0.026699238669862096 0.018630684843575614 0.07717377524163181 0.04646655672925618 0.15730182116970934 0.31500638165885225 0.0 0.0 0.6799305555555555 0.18704753792258597
5 0 5 0 0.0 0.0 0.020974716210184853 0.01362047716588549 0.10165159077789375 0.03405845667798109 0.0 0.0 0.0 0.0 0.8305555555555556 0.08790690221359254
6 0 0 5 1.0 0.0 0.005013984429824632 0.0024663580962242374 0.0 0.0 0.7802256947629496 0.042797312656964084 0.23888888888888885 0.15692600678325525 0.04861111111111111 0.024453912307859735
6 0 1 4 0.54 0.8879189152169247 0.10098046782990423 0.08731999858520142 0.01719208557934463 0.036368767119787954 0.6227286460651441 0.31379372574605513 0.06084722222222222 0.09044785155164628 0.7236805555555555 0.2516210848315183
6 0 2 3 0.04 0.2799999999999999 0.04180751154988684 0.040495311129789616 0.0317486633504989 0.04039232814245239 0.46820187369426836 0.3839487508502958 0.04397222222222222 0.06534488867010672 0.7553055555555557 0.1892037184304295
6 0 3 2 0.0 0.0 0.02662202839008387 0.02589228333359347 0.049696917273316946 0.050782188462668666 0.3092241167517908 0.3792923409291648 0.03472222222222222 0.04521894610027696 0.7125 0.15103807466993216
6 0 4 1 0.0 0.0 0.027946336199856887 0.021278875155417175 0.0815275464924024 0.044810724297590566 0.15484991843614532 0.3102479962052973 0.025 0.05 0.7180555555555554 0.2498301892421933
6 0 5 0 0.0 0.0 0.021929457210098917 0.013231602640487785 0.08616927207746693 0.029756827683589678 0.0 0.0 0.0 0.0 0.8055555555555557 0.06985986855532939
7 0 0 5 1.0 0.0 0.003992586200074584 0.0024062661835221803 0.0 0.0 0.7604130290058708 0.03504045085303952 0.23926388888888886 0.1568774260793171 0.035875 0.029644274086425376
7 0 1 4 0.2 0.6 0.07878851134999422 0.07186780989857074 0.014990704309099741 0.03383457000043869 0.6090022590963614 0.3057267354372526 0.06709722222222222 0.09806769184416433 0.7300972222222222 0.2237784100695856
7 0 2 3 0.0 0.0 0.029664052789776178 0.023892695783779835 0.0356887824631304 0.04496446059210233 0.45616873881497055 0.3741955252160064 0.078625 0.09721585197384221 0.6100555555555555 0.2804982147123046
7 0 3 2 0.0 0.0 0.03122727751000639 0.024134619342075773 0.04476865796735988 0.04420397443383107 0.3033443035105254 0.37214075256081913 0.026 0.03277193921634788 0.7020555555555554 0.1812612789168384
7 0 4 1 0.0 0.0 0.024816744010240654 0.017256038671014974 0.0671589638186209 0.04800394338808192 0.14992621950591228 0.3005442334281606 0.0 0.0 0.6333333333333333 0.19834383725686508
7 0 5 0 0.0 0.0 0.024429349479905795 0.015119144061962431 0.08200042798719608 0.020504999393520663 0.0 0.0 0.0 0.0 0.8180555555555556 0.09382969863363631
8 0 0 5 0.26 0.4386342439892262 0.011788704380014678 0.0075232609903423215 0.0 0.0 0.7394033536805265 0.04891387174468249 0.26388888888888884 0.1463944232561262 0.09861111111111111 0.07574221224686656
8 0 1 4 0.0 0.0 0.04070476288015925 0.029615764020961294 0.01754844385313128 0.03619234558499926 0.5861440325189848 0.29589580955216127 0.12330555555555556 0.12422143025487954 0.44119444444444444 0.18510989186940074
8 0 2 3 0.0 0.0 0.051776167590069234 0.041019969364686895 0.03656778163655971 0.04694489153280439 0.44004894756113894 0.36118765585367013 0.02887581699346405 0.047622475883989906 0.7356535947712418 0.1422381219185825
8 0 3 2 0.0 0.0 0.03489622373974271 0.0290051128848346 0.0548274574510855 0.048948306626481614 0.305418271464308 0.3747130706105963 0.047647058823529403 0.09546643824114223 0.5673856209150326 0.2749144154762424
8 0 4 1 0.0 0.0 0.030735045170367813 0.02316850084518165 0.07805666394919444 0.04845227820550386 0.14875270090681675 0.29817694513568654 0.022555555555555554 0.04571665282672182 0.7466143790849674 0.14708179573660835
